# Data file: ifgramStack.h5
# Mask file: None
# AOI box: (0, 0, 170, 130)
# Threshold: None
#	DATE12		Mean	Btemp/days	Bperp/m		Num
20141009_20141102	0.0892	      24	     0.0	0
20141009_20141126	0.1090	      48	     0.0	1
20141009_20141220	0.0654	      72	     0.0	2
20141102_20141126	0.0801	      24	     0.0	3
20141102_20141220	0.0674	      48	     0.0	4
20141102_20150113	0.0693	      72	     0.0	5
20141126_20141220	0.1057	      24	     0.0	6
20141126_20150113	0.2052	      48	     0.0	7
20141126_20150206	0.1150	      72	     0.0	8
20141220_20150113	0.1229	      24	     0.0	9
20141220_20150206	0.1389	      48	     0.0	10
20150113_20150206	0.2208	      24	     0.0	11
20150501_20150525	0.0727	      24	     0.0	12
20150501_20150618	0.0620	      48	     0.0	13
20150501_20150712	0.0540	      72	     0.0	14
20150525_20150618	0.1381	      24	     0.0	15
20150525_20150712	0.0790	      48	     0.0	16
20150525_20150805	0.0762	      72	     0.0	17
20150618_20150712	0.0851	      24	     0.0	18
20150618_20150805	0.0792	      48	     0.0	19
20150618_20150829	0.0824	      72	     0.0	20
20150712_20150805	0.0908	      24	     0.0	21
20150712_20150829	0.0695	      48	     0.0	22
20150805_20150829	0.1214	      24	     0.0	23
20150805_20151016	0.0861	      72	     0.0	24
20150829_20151016	0.1268	      48	     0.0	25
20150829_20151109	0.0681	      72	     0.0	26
20151016_20151109	0.1338	      24	     0.0	27
20151016_20151203	0.1221	      48	     0.0	28
20151016_20151227	0.0862	      72	     0.0	29
20151109_20151203	0.1496	      24	     0.0	30
20151109_20151227	0.0873	      48	     0.0	31
20151109_20160120	0.0979	      72	     0.0	32
20151203_20151227	0.1329	      24	     0.0	33
20151203_20160120	0.1781	      48	     0.0	34
20151203_20160213	0.1244	      72	     0.0	35
20151227_20160120	0.1375	      24	     0.0	36
20151227_20160213	0.1214	      48	     0.0	37
20151227_20160308	0.1050	      72	     0.0	38
20160120_20160213	0.1851	      24	     0.0	39
20160120_20160308	0.1234	      48	     0.0	40
20160120_20160401	0.1235	      72	     0.0	41
20160213_20160308	0.1335	      24	     0.0	42
20160213_20160401	0.1504	      48	     0.0	43
20160213_20160425	0.0780	      72	     0.0	44
20160308_20160401	0.1404	      24	     0.0	45
20160308_20160425	0.0968	      48	     0.0	46
20160308_20160519	0.0847	      72	     0.0	47
20160401_20160425	0.0988	      24	     0.0	48
20160401_20160519	0.1124	      48	     0.0	49
20160401_20160612	0.0954	      72	     0.0	50
20160425_20160519	0.1348	      24	     0.0	51
20160425_20160612	0.0961	      48	     0.0	52
20160519_20160612	0.1542	      24	     0.0	53
20160519_20160730	0.0800	      72	     0.0	54
20160612_20160730	0.0883	      48	     0.0	55
20160612_20160823	0.0869	      72	     0.0	56
20160730_20160823	0.1419	      24	     0.0	57
20160730_20160916	0.1069	      48	     0.0	58
20160823_20160916	0.1001	      24	     0.0	59
20160823_20161016	0.0911	      54	     0.0	60
20160916_20161016	0.1235	      30	     0.0	61
20160916_20161109	0.0867	      54	     0.0	62
20161016_20161109	0.1124	      24	     0.0	63
20161016_20161203	0.0747	      48	     0.0	64
20161016_20161227	0.0678	      72	     0.0	65
20161109_20161203	0.0997	      24	     0.0	66
20161109_20161227	0.0843	      48	     0.0	67
20161109_20170120	0.0777	      72	     0.0	68
20161203_20161227	0.2834	      24	     0.0	69
20161203_20170120	0.1264	      48	     0.0	70
20161203_20170213	0.2476	      72	     0.0	71
20161227_20170120	0.1806	      24	     0.0	72
20161227_20170213	0.2537	      48	     0.0	73
20161227_20170219	0.1157	      54	     0.0	74
20170120_20170213	0.1738	      24	     0.0	75
20170120_20170219	0.2935	      30	     0.0	76
20170120_20170303	0.0722	      42	     0.0	77
20170213_20170219	0.1797	       6	     0.0	78
20170213_20170303	0.0583	      18	     0.0	79
20170213_20170315	0.1582	      30	     0.0	80
20170219_20170303	0.0736	      12	     0.0	81
20170219_20170315	0.1203	      24	     0.0	82
20170219_20170327	0.1328	      36	     0.0	83
20170303_20170315	0.0686	      12	     0.0	84
20170303_20170327	0.0614	      24	     0.0	85
20170303_20170408	0.0628	      36	     0.0	86
20170315_20170327	0.2095	      12	     0.0	87
20170315_20170408	0.0896	      24	     0.0	88
20170315_20170420	0.0981	      36	     0.0	89
20170327_20170408	0.1154	      12	     0.0	90
20170327_20170420	0.0887	      24	     0.0	91
20170327_20170514	0.1262	      48	     0.0	92
20170408_20170420	0.1195	      12	     0.0	93
20170408_20170514	0.1321	      36	     0.0	94
20170408_20170526	0.0818	      48	     0.0	95
20170420_20170502	0.1477	      12	     0.0	96
20170420_20170514	0.1048	      24	     0.0	97
20170420_20170526	0.1143	      36	     0.0	98
20170502_20170514	0.1293	      12	     0.0	99
20170502_20170526	0.1004	      24	     0.0	100
20170514_20170526	0.1248	      12	     0.0	101
20170514_20170607	0.0959	      24	     0.0	102
20170526_20170607	0.0941	      12	     0.0	103
